
1
2
3
4
5
6

8
9
10
11
12
13
14




19
20
21
22
23
24


27
28
29
30


33

35
36
37
38
39
40
41
42
43
44
45
46
47
48
49
50
51
52
53
54
55
56
57
58
59

61
62
63
64
65
66
67


70
71
72
73
74
75
76
77
78
79
80
81
82
83
84
85
86
87
88
89
90
91
92

94
95
96
97
98
99
100
101
102
103
104
105
106

108
109
110
111

113
114
115
116
117
118
119
120
121
122
123
124
125
126
127
128
129
130

132
133
134
135
136
137
138
139
140


143
144
145
146
147
148

150
151
152
153
154
155
156
157
158


161
162
163
164
165
166
167
168
169
170
171

173
174

176
177
178
179
180
181
182
183
184
185
186
187
188
189
190
191

193
194
195
196





202
203
204
205

207

209
210
211
212
213
214

216
217

219
220
221
222
223
224
225
226
227
228
229
230
231
232
233
234
235
236
237
238


241

243
244
245
246
247
248
249

251

253


256
257
258
259
260
261
262
263
264
265
266
267
268
269

271
272
273
274

276
277
278
279
280
281
282
283

285
286
287
288
289

291
292
293
294

296
297

299
300
301

303
304



308


311
312
313
314

316
317
318
319
320
321
322
323
324
325
326
327
328
329
330
331
332

334
335

337
338
339
340
341
342
343
344
345
346

348
349
350
351
352
353
354
355
356
357
358
359
360
361
362

364
365
366
367
368
369
370

372
373
374
375
376
377
378
379
380
381
382
383
384

386
387
388

390
391
392
393
394
395
396
397
398
399
400
401
402
403
404
405
406
407

409
410
411
412
413
414
415
416
417
418
419
420
421
422
423
424
425
426
427

429
430

432
433
434
435
436
437
438
439
440
441
442
443
444
445
446

448
449




454
455
456
457
458
459
460
461
462
463
464
465
466
467
468
469
470
471

473
474
475
476
477
478
479
480
481
482
483
484
485

487
488
489
490
491
492

494
495
496


499
500
501

503
504
505
506
507
508
509
510
511
512
513


516

518
519
520




525
526
527
528
529
530
531
532
533
534
535
536
537
538
539
540
541
542
543
544

546
547
548



552
553
554
555


558
559
560

562

564

566
567
568
569
570
571

573
574
575
576

578
579
580

582
583
584
585
586
587

589


592
593






600
601
602
603

605
606
607
608
609
610
611
612
613
614
615
616
617
618
619
620



624
625

627
628
629
630
631
632
633
634
635
636
637
638
639
640
641
642
643

645
646
647
648
649
650
651
652
653
654
655
656
657
658
659
660
661
662
663
664
665

667
668


671
672
673
674
675
676
677
678
679
680
681
682
683
684
685
686
687
688
689
690


693
694
695
696


699
700
701
702
703

705
706
707
708
709
710
711
712
713
714
715
716
717
718
719
720
721
722
723
724
725
726
727
728
729
730
731
732
733
734
735
736
737
738
739
740
741
742
743
744
745
746
747
748
749
750
751
752
753
754
755
756
757
758
759
760
761
762
763
764
765
766
767
768
769
770
771
772
773
774
775
776
777
778
779
780
781
782
783
784

786
787
788
789
790
791
792
793
794

796
797
798
799
800

802
803
804
805
806
807

809
810
811
812
813
814
815

817
818
819
820
821
822
823
824
825
826
827
828
829
830
831
832
833
834
835
836
837
838

840

842
843
844
845
846
847
848
849
850
851
852
853
854
855
856

858
859
860
861
862
863
864
865
866
867
868
869
870
871
872
873
874
875
876
877
878
879
880
881
882
883
884
885
886
887

889
890
891
892
893
894
895
896
897
898
899

901
902
903
904


907


910
911
912
913
914
915
916
917
918
919
920
921
922
923

925



929
930
931
932
933
934
935
936
937
938
939
940
941
942
943
944
945
946
947
948
949
950
951
952
953
954
955
956
957
958
959
960
961
962
963
964
965
966
967
968
969
970
971
972

974
975
976

978
979
980
981
982
983
984
985
986
987
988
989
990
991
992
993
994
995
996
997



1001
1002
1003
1004





1010
1011
1012
1013
1014
1015
1016
1017
1018
1019
1020
1021
1022
1023
1024
1025
1026
1027
1028
1029
1030
1031


1034
1035
1036
1037
1038

1040




1045
1046
1047
1048
1049
1050
1051
1052
1053
1054





1060
1061
1062
1063
1064
1065
1066
1067
1068
1069

1071
1072
1073

1075
1076

1078
1079
1080
1081
1082


1085
1086
1087
1088
1089
1090




1095

1097
1098
1099
1100

1102

1104


1107
1108
1109
1110
1111
1112














1127













































































































































































1301
1302
1303
1304
1305
1306
1307
1308
1309
1310
1311
1312
1313
1314
1315
1316
1317
1318

1320
1321
1322
1323
1324
1325
1326
1327
1328
1329
1330
1331
1332
1333
1334
1335
1336
1337
1338
1339
1340

1342
1343
1344
1345
1346
1347
1348
1349
1350
1351
1352
1353
1354
1355
1356
1357
1358
1359
1360
1361
1362
1363
1364

1366
1367


1370
1371


1374
1375
1376




1381
1382
1383

1385

1387
1388
1389
1390
1391
1392

1394
1395
1396


1399

1401
1402
1403
1404
1405
1406
1407
1408
1409
1410
1411
1412
1413

1415
1416
1417
1418
1419
1420
1421
















































































1502
1503
1504
1505
1506
1507
1508
1509
1510
1511
1512
1513
1514
1515
1516
1517
1518
1519
1520
1521
1522
1523
1524
1525
1526
1527
1528
1529
1530
1531
1532
1533
1534
1535
1536
1537
1538
1539
1540
1541
1542
1543
1544
1545
1546
1547
1548
1549
1550
1551
1552
1553
1554
1555
1556
1557
1558
1559
1560
1561
1562
1563
1564
1565
1566
1567
1568
1569
1570
1571
1572
1573
1574
1575
1576
1577
1578
1579
1580
1581
1582
1583
1584
1585
1586
1587
1588
1589
1590
1591
1592
1593
1594
1595
1596
1597
1598
1599
1600
1601
1602
1603
1604
1605
1606
1607
1608
1609
1610
1611
1612
1613
1614
1615
1616
1617
1618
1619
1620
1621
1622
1623
1624
1625
1626
1627
1628
1629
1630
1631
1632
1633
1634
1635
1636
1637
1638
1639
1640
1641
1642
1643
1644
1645
1646
1647


1650
1651
1652
1653
1654
1655
1656
1657
1658
1659
1660
1661
1662
1663
1664
1665
1666
1667
1668
1669
1670
1671





























1701
1702
1703
1704
1705
1706




1711
1712
1713
1714
1715
1716
1717
1718
1719
1720
1721
1722
1723
1724
1725
1726
1727
1728
1729
1730
1731
1732
1733
1734
1735
1736
1737
1738
1739
1740
1741
1742
1743
1744
1745


































1780









1790
1791
1792
1793
1794
1795
1796
1797
1798
1799
1800
1801
1802
1803
1804
1805
1806
1807
1808
1809
1810
1811
1812
1813
1814
1815
1816
1817
1818
1819
1820
1821
1822
1823
1824
1825
1826
1827
1828
1829
1830
1831
1832
1833
1834
1835




































































































































































